N_DOMAINS 2

DOMAIN 1
CONTRAST 1e-5
POINTS
[
[1.000000,0.000000],
[0.998795,0.049068],
[0.995185,0.098017],
[0.989177,0.146730],
[0.980785,0.195090],
[0.970031,0.242980],
[0.956940,0.290285],
[0.941544,0.336890],
[0.923880,0.382683],
[0.903989,0.427555],
[0.881921,0.471397],
[0.857729,0.514103],
[0.831470,0.555570],
[0.803208,0.595699],
[0.773010,0.634393],
[0.740951,0.671559],
[0.707107,0.707107],
[0.671559,0.740951],
[0.634393,0.773010],
[0.595699,0.803208],
[0.555570,0.831470],
[0.514103,0.857729],
[0.471397,0.881921],
[0.427555,0.903989],
[0.382683,0.923880],
[0.336890,0.941544],
[0.290285,0.956940],
[0.242980,0.970031],
[0.195090,0.980785],
[0.146730,0.989177],
[0.098017,0.995185],
[0.049068,0.998795],
[0.000000,1.000000],
[-0.049068,0.998795],
[-0.098017,0.995185],
[-0.146730,0.989177],
[-0.195090,0.980785],
[-0.242980,0.970031],
[-0.290285,0.956940],
[-0.336890,0.941544],
[-0.382683,0.923880],
[-0.427555,0.903989],
[-0.471397,0.881921],
[-0.514103,0.857729],
[-0.555570,0.831470],
[-0.595699,0.803208],
[-0.634393,0.773010],
[-0.671559,0.740951],
[-0.707107,0.707107],
[-0.740951,0.671559],
[-0.773010,0.634393],
[-0.803208,0.595699],
[-0.831470,0.555570],
[-0.857729,0.514103],
[-0.881921,0.471397],
[-0.903989,0.427555],
[-0.923880,0.382683],
[-0.941544,0.336890],
[-0.956940,0.290285],
[-0.970031,0.242980],
[-0.980785,0.195090],
[-0.989177,0.146730],
[-0.995185,0.098017],
[-0.998795,0.049068],
[-1.000000,0.000000],
[-0.998795,-0.049068],
[-0.995185,-0.098017],
[-0.989177,-0.146730],
[-0.980785,-0.195090],
[-0.970031,-0.242980],
[-0.956940,-0.290285],
[-0.941544,-0.336890],
[-0.923880,-0.382683],
[-0.903989,-0.427555],
[-0.881921,-0.471397],
[-0.857729,-0.514103],
[-0.831470,-0.555570],
[-0.803208,-0.595699],
[-0.773010,-0.634393],
[-0.740951,-0.671559],
[-0.707107,-0.707107],
[-0.671559,-0.740951],
[-0.634393,-0.773010],
[-0.595699,-0.803208],
[-0.555570,-0.831470],
[-0.514103,-0.857729],
[-0.471397,-0.881921],
[-0.427555,-0.903989],
[-0.382683,-0.923880],
[-0.336890,-0.941544],
[-0.290285,-0.956940],
[-0.242980,-0.970031],
[-0.195090,-0.980785],
[-0.146730,-0.989177],
[-0.098017,-0.995185],
[-0.049068,-0.998795],
[-0.000000,-1.000000],
[0.049068,-0.998795],
[0.098017,-0.995185],
[0.146730,-0.989177],
[0.195090,-0.980785],
[0.242980,-0.970031],
[0.290285,-0.956940],
[0.336890,-0.941544],
[0.382683,-0.923880],
[0.427555,-0.903989],
[0.471397,-0.881921],
[0.514103,-0.857729],
[0.555570,-0.831470],
[0.595699,-0.803208],
[0.634393,-0.773010],
[0.671559,-0.740951],
[0.707107,-0.707107],
[0.740951,-0.671559],
[0.773010,-0.634393],
[0.803208,-0.595699],
[0.831470,-0.555570],
[0.857729,-0.514103],
[0.881921,-0.471397],
[0.903989,-0.427555],
[0.923880,-0.382683],
[0.941544,-0.336890],
[0.956940,-0.290285],
[0.970031,-0.242980],
[0.980785,-0.195090],
[0.989177,-0.146730],
[0.995185,-0.098017],
[0.998795,-0.049068]
]

DOMAIN 2
CONTRAST 1e-5
POINTS
[
[4.000000,0.000000],
[3.998795,0.024534],
[3.995185,0.049009],
[3.989177,0.073365],
[3.980785,0.097545],
[3.970031,0.121490],
[3.956940,0.145142],
[3.941544,0.168445],
[3.923880,0.191342],
[3.903989,0.213778],
[3.881921,0.235698],
[3.857729,0.257051],
[3.831470,0.277785],
[3.803208,0.297850],
[3.773010,0.317197],
[3.740951,0.335779],
[3.707107,0.353553],
[3.671559,0.370476],
[3.634393,0.386505],
[3.595699,0.401604],
[3.555570,0.415735],
[3.514103,0.428864],
[3.471397,0.440961],
[3.427555,0.451995],
[3.382683,0.461940],
[3.336890,0.470772],
[3.290285,0.478470],
[3.242980,0.485016],
[3.195090,0.490393],
[3.146730,0.494588],
[3.098017,0.497592],
[3.049068,0.499398],
[3.000000,0.500000],
[2.950932,0.499398],
[2.901983,0.497592],
[2.853270,0.494588],
[2.804910,0.490393],
[2.757020,0.485016],
[2.709715,0.478470],
[2.663110,0.470772],
[2.617317,0.461940],
[2.572445,0.451995],
[2.528603,0.440961],
[2.485897,0.428864],
[2.444430,0.415735],
[2.404301,0.401604],
[2.365607,0.386505],
[2.328441,0.370476],
[2.292893,0.353553],
[2.259049,0.335779],
[2.226990,0.317197],
[2.196792,0.297850],
[2.168530,0.277785],
[2.142271,0.257051],
[2.118079,0.235698],
[2.096011,0.213778],
[2.076120,0.191342],
[2.058456,0.168445],
[2.043060,0.145142],
[2.029969,0.121490],
[2.019215,0.097545],
[2.010823,0.073365],
[2.004815,0.049009],
[2.001205,0.024534],
[2.000000,0.000000],
[2.001205,-0.024534],
[2.004815,-0.049009],
[2.010823,-0.073365],
[2.019215,-0.097545],
[2.029969,-0.121490],
[2.043060,-0.145142],
[2.058456,-0.168445],
[2.076120,-0.191342],
[2.096011,-0.213778],
[2.118079,-0.235698],
[2.142271,-0.257051],
[2.168530,-0.277785],
[2.196792,-0.297850],
[2.226990,-0.317197],
[2.259049,-0.335779],
[2.292893,-0.353553],
[2.328441,-0.370476],
[2.365607,-0.386505],
[2.404301,-0.401604],
[2.444430,-0.415735],
[2.485897,-0.428864],
[2.528603,-0.440961],
[2.572445,-0.451995],
[2.617317,-0.461940],
[2.663110,-0.470772],
[2.709715,-0.478470],
[2.757020,-0.485016],
[2.804910,-0.490393],
[2.853270,-0.494588],
[2.901983,-0.497592],
[2.950932,-0.499398],
[3.000000,-0.500000],
[3.049068,-0.499398],
[3.098017,-0.497592],
[3.146730,-0.494588],
[3.195090,-0.490393],
[3.242980,-0.485016],
[3.290285,-0.478470],
[3.336890,-0.470772],
[3.382683,-0.461940],
[3.427555,-0.451995],
[3.471397,-0.440961],
[3.514103,-0.428864],
[3.555570,-0.415735],
[3.595699,-0.401604],
[3.634393,-0.386505],
[3.671559,-0.370476],
[3.707107,-0.353553],
[3.740951,-0.335779],
[3.773010,-0.317197],
[3.803208,-0.297850],
[3.831470,-0.277785],
[3.857729,-0.257051],
[3.881921,-0.235698],
[3.903989,-0.213778],
[3.923880,-0.191342],
[3.941544,-0.168445],
[3.956940,-0.145142],
[3.970031,-0.121490],
[3.980785,-0.097545],
[3.989177,-0.073365],
[3.995185,-0.049009],
[3.998795,-0.024534]
]